10
4 L,1095.54,928.028,1095.54,921.028 L,1095.54,921.028,1145.07,921.028 L,1145.07,921.028,1145.07,928.028 L,1145.07,928.028,1095.54,928.028
0
15 A,1095.54,951.679,0.85,4.71238,3.14169 L,1094.69,951.679,1094.69,955.677 A,1095.54,955.677,0.85,3.14169,1.5708 L,1095.54,956.527,1095.54,963.527 A,1095.54,955.677,7.85,1.5708,2.81254 A,1083.28,952.027,7.85,0.907762,1.5708 L,1083.28,959.877,1080.28,959.877 A,1080.28,952.027,7.85,1.5708,3.14159 L,1072.43,952.027,1079.43,952.027 A,1080.28,952.027,0.85,3.14159,1.5708 L,1080.28,952.877,1083.28,952.877 A,1083.28,952.027,0.85,7.85398,6.28319 L,1084.13,952.027,1091.13,945.186 A,1095.54,951.679,7.85,4.11569,4.71238 L,1095.54,943.829,1095.54,950.829
0
4 L,1072.43,952.027,1072.43,919.827 L,1072.43,919.827,1079.43,919.827 L,1079.43,919.827,1079.43,952.027 L,1079.43,952.027,1072.43,952.027
0
4 L,1145.07,915.329,1095.54,915.329 L,1095.54,915.329,1095.54,908.329 L,1095.54,908.329,1145.07,908.329 L,1145.07,908.329,1145.07,915.329
0
8 A,1145.07,951.679,7.85,4.71238,6.28319 L,1152.92,951.679,1152.92,955.677 A,1145.07,955.677,7.85,1.44824e-14,1.5708 L,1145.07,963.527,1145.07,956.527 A,1145.07,955.677,0.85,1.5708,1.33749e-13 L,1145.92,955.677,1145.92,951.679 A,1145.07,951.679,0.85,6.28319,4.71238 L,1145.07,950.829,1145.07,943.829
0
4 L,1145.07,963.527,1095.54,963.527 L,1095.54,963.527,1095.54,956.527 L,1095.54,956.527,1145.07,956.527 L,1145.07,956.527,1145.07,963.527
0
8 A,1145.07,920.178,0.85,7.85398,6.28319 L,1145.92,920.178,1145.92,916.179 A,1145.07,916.179,0.85,6.28319,4.71238 L,1145.07,915.329,1145.07,908.329 A,1145.07,916.179,7.85,4.71238,6.28319 L,1152.92,916.179,1152.92,920.178 A,1145.07,920.178,7.85,0,1.5708 L,1145.07,928.028,1145.07,921.028
0
4 L,1145.07,943.829,1145.07,950.829 L,1145.07,950.829,1095.54,950.829 L,1095.54,950.829,1095.54,943.829 L,1095.54,943.829,1145.07,943.829
0
15 A,1095.54,920.178,7.85,1.5708,2.16744 L,1091.13,926.671,1084.13,919.827 A,1083.28,919.827,0.85,6.28319,4.71239 L,1083.28,918.977,1080.28,918.977 A,1080.28,919.827,0.85,4.71239,3.14159 L,1079.43,919.827,1072.43,919.827 A,1080.28,919.827,7.85,3.14159,4.71239 L,1080.28,911.977,1083.28,911.977 A,1083.28,919.827,7.85,4.71239,5.37559 A,1095.54,916.179,7.85,3.47085,4.71238 L,1095.54,908.329,1095.54,915.329 A,1095.54,916.179,0.85,4.71238,3.14169 L,1094.69,916.179,1094.69,920.178 A,1095.54,920.178,0.85,3.14169,1.5708 L,1095.54,921.028,1095.54,928.028
0
4 L,1084.13,952.027,1084.13,919.827 L,1084.13,919.827,1091.13,926.671 L,1091.13,926.671,1091.13,945.186 L,1091.13,945.186,1084.13,952.027
0
